-------------------------------workclass-------------------------------
                  Precision    Recall       TNR       NPV   F-Score
workclass                                                          
?                  0.500000  0.833333  0.943820  0.988235  0.625000
Federal-gov        0.705128  0.753425  0.814516  0.848739  0.728477
Local-gov          0.677686  0.738739  0.875796  0.904605  0.706897
Private            0.603298  0.758537  0.889130  0.943071  0.672069
Self-emp-inc       0.773723  0.785185  0.659341  0.674157  0.779412
Self-emp-not-inc   0.533333  0.648649  0.846341  0.898964  0.585366
State-gov          0.584615  0.690909  0.862245  0.908602  0.633333
Never-worked            NaN       NaN       NaN  1.000000       NaN
Without-pay             NaN       NaN       NaN  1.000000       NaN
-------------------------------education-------------------------------
              Precision    Recall       TNR       NPV   F-Score
education                                                      
10th           0.000000  0.000000  0.926136  0.981928       NaN
11th           0.133333  0.666667  0.941441  0.995238  0.222222
12th           0.250000  1.000000  0.960526  1.000000  0.400000
1st-4th        0.000000       NaN  0.974359  1.000000       NaN
5th-6th        0.000000       NaN  0.926471  1.000000       NaN
7th-8th        0.142857  0.500000  0.959459  0.993007  0.222222
9th            0.000000       NaN  0.925620  1.000000       NaN
Assoc-acdm     0.456140  0.702703  0.817647  0.926667  0.553191
Assoc-voc      0.518987  0.773585  0.817308  0.934066  0.621212
Bachelors      0.831510  0.763052  0.862745  0.803987  0.795812
Doctorate      0.847222  0.835616  0.521739  0.500000  0.841379
HS-grad        0.278125  0.659259  0.883097  0.974316  0.391209
Masters        0.848168  0.778846  0.788321  0.701299  0.812030
Prof-school    0.936170  0.871287  0.684211  0.500000  0.902564
Some-college   0.508834  0.669767  0.886623  0.938687  0.578313
Preschool           NaN       NaN       NaN  1.000000       NaN
-------------------------------marital-status-------------------------------
                       Precision    Recall       TNR       NPV   F-Score
marital-status                                                          
Divorced                0.368421  0.833333  0.927624  0.990979  0.510949
Married-AF-spouse       1.000000  0.500000  1.000000  0.666667  0.666667
Married-civ-spouse      0.663768  0.744715  0.739179  0.807244  0.701916
Married-spouse-absent   1.000000  0.777778  1.000000  0.974026  0.875000
Never-married           0.302083  0.783784  0.968201  0.996094  0.436090
Separated               0.230769  1.000000  0.950495  1.000000  0.375000
Widowed                 0.266667  0.666667  0.942105  0.988950  0.380952
-------------------------------occupation-------------------------------
                   Precision    Recall       TNR       NPV   F-Score
occupation                                                          
?                   0.500000  0.833333  0.943978  0.988270  0.625000
Adm-clerical        0.410526  0.684211  0.918248  0.972179  0.513158
Craft-repair        0.284211  0.675000  0.806268  0.956081  0.400000
Exec-managerial     0.826190  0.774554  0.812339  0.757794  0.799539
Farming-fishing     0.370370  0.714286  0.915000  0.978610  0.487805
Handlers-cleaners   0.125000  0.500000  0.951389  0.992754  0.200000
Machine-op-inspct   0.276596  0.722222  0.909091  0.985507  0.400000
Other-service       0.034483  0.250000  0.958146  0.995342  0.060606
Prof-specialty      0.812987  0.765281  0.826506  0.781321  0.788413
Protective-serv     0.448276  0.590909  0.833333  0.898876  0.509804
Sales               0.598086  0.786164  0.847550  0.932136  0.679348
Tech-support        0.606557  0.649123  0.823529  0.848485  0.627119
Transport-moving    0.355932  0.636364  0.869863  0.954887  0.456522
Armed-Forces             NaN       NaN       NaN  1.000000       NaN
Priv-house-serv          NaN       NaN       NaN  1.000000       NaN
-------------------------------relationship-------------------------------
                Precision    Recall       TNR       NPV   F-Score
relationship                                                     
Husband          0.658333  0.748106  0.738354  0.813071  0.700355
Not-in-family    0.368750  0.786667  0.935832  0.989255  0.502128
Other-relative   1.000000  0.500000  1.000000  0.995098  0.666667
Own-child        0.263158  0.714286  0.986014  0.997978  0.384615
Unmarried        0.283019  0.882353  0.942771  0.996815  0.428571
Wife             0.718391  0.726744  0.720000  0.728324  0.722543
-------------------------------race-------------------------------
                    Precision    Recall       TNR       NPV   F-Score
race                                                                 
Amer-Indian-Eskimo   0.500000  0.833333  0.915254  0.981818  0.625000
Asian-Pac-Islander   0.755102  0.685185  0.908397  0.875000  0.718447
Black                0.506329  0.677966  0.931338  0.965328  0.579710
Other                0.428571  0.750000  0.909091  0.975610  0.545455
White                0.622435  0.754561  0.874030  0.928260  0.682159
-------------------------------sex-------------------------------
        Precision    Recall       TNR       NPV   F-Score
sex                                                      
Female   0.576471  0.742424  0.945701  0.973602  0.649007
Male     0.627219  0.749779  0.842254  0.904842  0.683045
-------------------------------native-country-------------------------------
                            Precision    Recall       TNR       NPV   F-Score
native-country                                                               
?                            0.655172  0.703704  0.887640  0.908046  0.678571
Cambodia                     1.000000  0.500000  1.000000  0.500000  0.666667
Canada                       0.777778  0.700000  0.777778  0.700000  0.736842
China                        1.000000  0.500000  1.000000  0.928571  0.666667
Cuba                         0.400000  1.000000  0.823529  1.000000  0.571429
El-Salvador                  0.250000  1.000000  0.800000  1.000000  0.400000
England                      0.625000  0.625000  0.800000  0.800000  0.625000
France                       0.000000       NaN  0.875000  1.000000       NaN
Germany                      0.714286  0.833333  0.894737  0.944444  0.769231
Greece                       0.500000  1.000000  0.666667  1.000000  0.666667
Haiti                        1.000000  0.666667  1.000000  0.857143  0.800000
Hong                         1.000000  1.000000  1.000000  1.000000  1.000000
Hungary                      0.000000       NaN  0.750000  1.000000       NaN
India                        1.000000  1.000000  1.000000  1.000000  1.000000
Iran                         0.500000  0.600000  0.400000  0.500000  0.545455
Italy                        0.500000  1.000000  0.750000  1.000000  0.666667
Jamaica                      0.000000  0.000000  0.909091  0.909091       NaN
Japan                        1.000000  0.500000  1.000000  0.769231  0.666667
Mexico                       0.181818  1.000000  0.933824  1.000000  0.307692
Philippines                  0.923077  0.857143  0.941176  0.888889  0.888889
Poland                       0.000000  0.000000  0.875000  0.875000       NaN
Portugal                     0.000000       NaN  0.888889  1.000000       NaN
Puerto-Rico                  0.500000  1.000000  0.954545  1.000000  0.666667
Scotland                     1.000000  1.000000  1.000000  1.000000  1.000000
South                        0.600000  0.600000  0.846154  0.846154  0.600000
Taiwan                       0.666667  0.571429  0.666667  0.571429  0.615385
Trinadad&Tobago              1.000000  1.000000  1.000000  1.000000  1.000000
United-States                0.619307  0.751031  0.879050  0.930924  0.678838
Vietnam                      0.000000       NaN  0.923077  1.000000       NaN
Yugoslavia                   0.333333  1.000000  0.500000  1.000000  0.500000
Columbia                          NaN       NaN       NaN  1.000000       NaN
Dominican-Republic                NaN       NaN       NaN  1.000000       NaN
Ecuador                           NaN       NaN       NaN  1.000000       NaN
Guatemala                         NaN       NaN       NaN  1.000000       NaN
Honduras                          NaN       NaN       NaN  1.000000       NaN
Ireland                           NaN       NaN       NaN  1.000000       NaN
Laos                              NaN       NaN       NaN  1.000000       NaN
Nicaragua                         NaN       NaN       NaN  1.000000       NaN
Outlying-US(Guam-USVI-etc)        NaN       NaN       NaN  1.000000       NaN
Peru                              NaN       NaN       NaN  1.000000       NaN
Thailand                          NaN       NaN       NaN  1.000000       NaN
